TaxaID	RCS11	RCS12	RCS13	RBS11	RBS12	RBS13	RES11	RES12	RES13	RMS11	RMS12
23	4.824988621	3.062548151	8.709842127				2.647808168		4.817314247		1
138	1.206247155		2.488526322		3.325647059	2.932365145		3.825514255		2.409752216	
363	9.649977242	4.083397535		8.102809096			2.647808168	3.825514255			7
136	2.41249431		2.488526322				13.23904084	3.825514255		2.409752216	1
173	2.41249431	17.35443952	4.977052644			8.797095436			2.408657123		7
92	2.41249431	9.187644453	1.244263161			73.30912863	18.53465717	7.65102851			
122	4.824988621	3.062548151	4.977052644				2.647808168			33.73653103	32
376	8.443730086		1.244263161			20.52655602	323.0325965		12.04328562		3
270	9.649977242	7.145945686	32.35084219						7.22597137	3.614628325	30
326	2.41249431	3.062548151	2.488526322	4.051404548					4.817314247		3
82			2.488526322		6.651294118	11.72946058	5.295616336			4.819504433	2
196	1.206247155	4.083397535	2.488526322				2.647808168			7.229256649	45
157		3.062548151		8.102809096	33.25647059	8.797095436		3.825514255			26
303	1.206247155	3.062548151					2.647808168		2.408657123	3.614628325	9
149		1.020849384	36.08363167	56.71966367		2.932365145	182.6987636		1163.381391		
182			8.797095436		2.409752216	15	2.647808168			3.062548151	1.244263161
131	4.051404548			4.817314247	9.639008866	3	2.647808168	26.77859978			
414				4.817314247	34.94140714	37		15.30205702	1.206247155		1.244263161
35	4.051404548		2.932365145	2.408657123	2.409752216				3.618741466	1.020849384	6.221315805
127			5.86473029	2.408657123	4.819504433		2.647808168	7.65102851	4.824988621		2.488526322
110	20.25702274			2.408657123	3.614628325	3			194.205792	47.97992103	302.3559481
312	36.46264093			7.22597137	3.614628325	3	26.47808168	19.12757127	3.618741466		
210				2.408657123	9.639008866	1	2.647808168		2.41249431	3.062548151	1.244263161
246	8.102809096		2.932365145	2.408657123	6.024380541	2	15.88684901	7.65102851			
269	4.051404548		5.86473029	2.408657123	4.819504433	2	5.295616336		1.206247155		
271	4.051404548	3.325647059				2	2.647808168	3.825514255		7.145945686	4.977052644
348		3.325647059		2.408657123	7.229256649	7		3.825514255		1.020849384	2.488526322
79	4.051404548	9.976941176			10.84388497	112			4.824988621	18.37528891	6.221315805
13	16.20561819	36.58211765	32.2560166	28.90388548			5.295616336	38.25514255		4.083397535	
265		6.651294118	2.932365145		1.204876108	8	5.295616336		1.206247155		1.244263161
96	8.102809096		5.86473029			20	5.295616336		9.649977242	19.39613829	14.93115793
284		3.325647059		2.408657123	14.4585133	10	5.295616336			2.041698767	3.732789483
282			2.932365145		2.409752216	2		3.825514255	1.206247155	7.145945686	3.732789483
345	8.102809096		287.3717842		112.0534781	1	7.943424504	3.825514255		2.041698767	
199	20.25702274		2.932365145	2.408657123	3.614628325	5		15.30205702		2.041698767	
190	8.102809096		5.86473029	4.817314247	18.07314162	41	5.295616336	3.825514255			
268	4.051404548		2.932365145	2.408657123	2.409752216	11	10.59123267			1.020849384	
98	60.77106822	13.30258824	2.932365145		1.204876108		2.647808168	15.30205702			3.732789483
213	8.102809096		5.86473029		10.84388497	26	10.59123267		1.206247155		1.244263161
228		6.651294118			107.2339736	10	5.295616336	11.47654276	1.206247155	3.062548151	
352		6.651294118			13.25363719	39		3.825514255	1.206247155	1.020849384	1.244263161
381	12.15421364	3.325647059	2.932365145		8.434132757			7.65102851	3.618741466	5.104246918	1.244263161
22	12.15421364			2.408657123	4.819504433	2	7.943424504	7.65102851		4.083397535	4.977052644
152		9.976941176	8.797095436		31.32677881		2.647808168	7.65102851	6.031235776	2.041698767	3.732789483
385	12.15421364		2.932365145		3.614628325	4		7.65102851	6.031235776	2.041698767	1.244263161
153	68.87387732	13.30258824	5.86473029		27.71215049	3	10.59123267			210.294973	4.977052644
249		6.651294118			3.614628325	7	10.59123267	15.30205702	12.06247155	21.43783706	13.68689477
205			2.932365145	4.817314247	1.204876108	2	2.647808168		9.649977242	7.145945686	1.244263161
245		3.325647059	2.932365145	4.817314247	4.819504433		18.53465717	11.47654276	2.41249431	3.062548151	
433	8.102809096	3.325647059			3.614628325	1	7.943424504	7.65102851	3.618741466		1.244263161
121		3.325647059			362.6677086	475	10.59123267	3.825514255	3.618741466	1.020849384	2.488526322
60	8.102809096		2.932365145	2.408657123	21.68776995	6	7.943424504			2.041698767	1.244263161
382		23.27952941	14.66182573		2.409752216	14	66.1952042	3.825514255	6.031235776	14.29189137	
78	8.102809096		11.72946058	2.408657123	40.96578768	229	15.88684901	15.30205702	3.618741466		
63	4.051404548	13.30258824	5.86473029	26.49522836		16			67.54984069	22.45868644	36.08363167
187	8.102809096		2.932365145		19.27801773	36	7.943424504		2.41249431	2.041698767	2.488526322
99	4.051404548	43.23341176		2.408657123	1.204876108		13.23904084	3.825514255	4.824988621	1.020849384	
24	20.25702274	3.325647059	8.797095436		19.27801773	20	5.295616336		19.29995448	3.062548151	
320		3.325647059	5.86473029		1.204876108	5	10.59123267		25.33119026	207.2324249	4.977052644
291				14.45194274	16.86826551	8	5.295616336	7.65102851	6.031235776	3.062548151	3.732789483
260				7.22597137	30.12190271	11	5.295616336	7.65102851	12.06247155	26.54208398	6.221315805
339				26.49522836	24.09752216	11	15.88684901	72.68477084	2.41249431	1.020849384	1.244263161
1	8.102809096		14.66182573		13.25363719	1	5.295616336	11.47654276	3.618741466	1.020849384	4.977052644
50	4.051404548	9.976941176		2.408657123	8.434132757		5.295616336	19.12757127	1.206247155	1.020849384	6.221315805
263	4.051404548			2.408657123	2.409752216	2	2.647808168	7.65102851	9.649977242	16.33359014	11.19836845
369	12.15421364	3.325647059	20.52655602	19.26925699	3.614628325		5.295616336	3.825514255	1.206247155	5.104246918	
386	4.051404548	6.651294118	5.86473029		10.84388497	1	2.647808168		6.031235776	1.020849384	2.488526322
404	24.30842729	66.51294118	26.39128631		16.86826551	57		3.825514255	179.7308261	269.5042373	306.0887376
411		83.14117647	2.932365145	14.45194274	2.409752216		5.295616336	26.77859978	3.618741466	14.29189137	12.44263161
441	36.46264093	6.651294118	2.932365145	2.408657123	8.434132757		2.647808168	7.65102851	1.206247155	1.020849384	
21		3.325647059	2.932365145	2.408657123	2.409752216		2.647808168	7.65102851	3.618741466	4.083397535	3.732789483
113	8.102809096		2.932365145	4.817314247	2.409752216	6	2.647808168		2.41249431	5.104246918	3.732789483
129		6.651294118	20.52655602	2.408657123	50.60479654	2		15.30205702	10.8562244	27.56293336	6.221315805
134	4.051404548	3.325647059	2.932365145	2.408657123	7.229256649	1		3.825514255	1.206247155	3.062548151	
126	4.051404548	6.651294118	8.797095436		2.409752216	1	2.647808168	3.825514255	1.206247155	8.166795069	
43	48.61685458		32.2560166	12.04328562	30.12190271	3	39.71712252		7.237482931	2.041698767	6.221315805
272		3.325647059		12.04328562	31.32677881	12	7.943424504	3.825514255	6.031235776	3.062548151	1.244263161
416		9.976941176	11.72946058		15.66338941	9	26.47808168	49.73168531	10.8562244	160.2733532	138.1132109
418		3.325647059	14.66182573	21.67791411	2.409752216	2	7.943424504		398.0615612	7.145945686	13.68689477
235		3.325647059	5.86473029	2.408657123	16.86826551	9	31.77369801	19.12757127	6.031235776	29.60463213	
76		19.95388235	2.932365145		3.614628325	11	5.295616336	30.60411404	4.824988621	9.187644453	3.732789483
413		3.325647059	11.72946058		26.50727438	8	21.18246534	11.47654276	12.06247155	8.166795069	7.465578966
9	12.15421364		2.932365145	4.817314247	15.66338941	10	5.295616336	11.47654276	3.618741466		1.244263161
90	8.102809096			2.408657123	1.204876108	5	2.647808168	7.65102851	28.94993173	35.72972843	21.15247374
306	4.824988621	11.22934322	6.221315805	16.20561819	3.325647059	14.66182573			4.817314247	14.4585133	6
319	4.824988621	2.041698767	1.244263161		3.325647059	8.797095436	15.88684901		7.22597137	3.614628325	3
198	2.41249431	2.041698767		4.051404548		5.86473029	5.295616336	7.65102851	4.817314247	14.4585133	55
292	7.237482931	12.2501926	31.10657902	4.051404548	6.651294118		10.59123267		2.408657123	13.25363719	23
327	3.618741466	2.041698767	21.15247374		9.976941176	5.86473029	10.59123267		2.408657123	15.66338941	16
393	3.618741466	25.52123459	1.244263161		6.651294118		127.0947921	19.12757127	19.26925699	3.614628325	8
379	50.66238052	19.39613829	1.244263161	4.051404548	3.325647059	2.932365145	2.647808168	3.825514255		4.819504433	36
18	13.26871871	1.020849384		105.3365182	3.325647059	11.72946058	13.23904084	19.12757127	4.817314247	8.434132757	2
174	44.63114474	32.66718028	54.74757908	8.102809096		17.59419087	5.295616336	3.825514255	21.67791411	12.04876108	29
353	12.06247155	6.125096302	11.19836845	4.051404548	3.325647059	2.932365145	5.295616336	3.825514255	4.817314247	9.639008866	
42	50.66238052	76.56370378	34.83936851	40.51404548	36.58211765	23.45892116	2.647808168		16.86059986	13.25363719	12
89	142.3371643	83.70964946	266.2723165		36.58211765	14.66182573	13.23904084	103.2888849	24.08657123	1.204876108	9
154	100.1185139	423.6524942	1.244263161	4.051404548	9.976941176	2.932365145	13.23904084	11.47654276		15.66338941	5
39	100.1185139	34.70887904	72.16726334	8.102809096	9.976941176	8.797095436	10.59123267		16.86059986	4.819504433	10
55	12.06247155	19.39613829	18.66394741	4.051404548		5.86473029	21.18246534	3.825514255	12.04328562	28.9170266	124
45	55.48736914	81.66795069	80.87710546	60.77106822	33.25647059	32.2560166	37.06931435		48.17314247	146.9948852	48
52	53.07487483	59.20926425	78.38857914		3.325647059	35.18838174	5.295616336	3.825514255	38.53851397	18.07314162	64
417	1.206247155	1.020849384	3.732789483	64.82247277	26.60517647	5.86473029		19.12757127	26.49522836	1.204876108	2
30	2.41249431	1.020849384		12.15421364	3.325647059	17.59419087	2.647808168	3.825514255	14.45194274	10.84388497	1
391	108.562244	152.1065582	17.41968425	113.4393273	295.9825882	108.4975104	198.5856126	53.55719957		59.0389293	38
139	6.031235776	10.20849384	4.977052644	4.051404548		26.39128631	21.18246534	15.30205702	7.22597137	6.024380541	1
219	9.649977242	16.33359014	18.66394741	20.25702274	3.325647059	14.66182573	15.88684901		2.408657123	10.84388497	65
397	4.824988621	30.62548151	23.64100006	16.20561819	6.651294118		15.88684901	3.825514255	4.817314247	7.229256649	3
107	83.23105371	136.7938174	125.6705793	24.30842729	13.30258824		2.647808168	19.12757127	52.99045671	1.204876108	958
309	85.64354802	58.18841487	133.1361582		9.976941176	17.59419087	10.59123267	7.65102851	2.408657123	9.639008866	3
14	6.031235776	3.062548151	2.488526322	44.56545003	9.976941176	26.39128631	68.84301236		21.67791411	34.94140714	49
74	4.824988621	1.020849384	1.244263161	85.07949551	6.651294118	14.66182573	135.0382166	80.33579935	4.817314247		1
442	25.33119026	21.43783706	17.41968425	4.051404548		11.72946058	5.295616336	15.30205702	7.22597137	18.07314162	21
7	6.031235776	13.27104199	26.12952638	16.20561819	9.976941176	11.72946058	10.59123267		7.22597137	25.30239827	89
75	1.206247155	2.041698767	3.732789483	8.102809096		11.72946058	5.295616336	15.30205702	7.22597137	8.434132757	8
87	71.16858216	47.97992103	54.74757908	32.41123638		2.932365145	34.42150618	68.85925659	38.53851397	21.68776995	197
5	2.41249431	5.104246918	2.488526322	4.051404548	6.651294118	2.932365145	2.647808168	7.65102851	4.817314247	6.024380541	
177	1.206247155	10.20849384	3.732789483	4.051404548	3.325647059		7.943424504	3.825514255	4.817314247	3.614628325	31
67	19.29995448	14.29189137	26.12952638		9.976941176	2.932365145	52.95616336	19.12757127	24.08657123	39.76091157	10
354		81.66795069	31.10657902	32.41123638	49.88470588	8.797095436	26.47808168	22.95308553	16.86059986	4.819504433	4
311	12.06247155	34.70887904	24.88526322	28.35983184	16.62823529	5.86473029	2.647808168		12.04328562	7.229256649	37
389	7.237482931	74.52200501		12.15421364	3.325647059	11.72946058	42.36493069	202.7522555	31.3125426	21.68776995	18
176	32.56867319	31.64633089	39.81642115	8.102809096	6.651294118	11.72946058	18.53465717		2.408657123	8.434132757	24
287				4.051404548	3.325647059		15.88684901	7.65102851	4.817314247	7.229256649	5
392	101.2851137	9.976941176		23.83027351	11.47654276	14.45194274	25.30239827	4.824988621	5.104246918	4.977052644	204
188	16.20561819		29.32365145	29.12588985	30.60411404	14.45194274	56.62917709	30.15617888	23.47953582	64.70168437	209
285		3.325647059	8.797095436	13.23904084	30.60411404	9.634628494	25.30239827	16.88746017	5.104246918	6.221315805	21
289	20.25702274	16.62823529		29.12588985	7.65102851	12.04328562	74.70231871	32.56867319	23.47953582	84.60989495	65
431	12.15421364	6.651294118	5.86473029	2.647808168	3.825514255	2.408657123	24.09752216	38.59990897	26.54208398	23.64100006	46
62	16.20561819	3.325647059	2.932365145	5.295616336	3.825514255	9.634628494	19.27801773	1.206247155		2.488526322	2
84	429.4488821	432.3341176	49.85020747	185.3465717	107.1143991	65.03374233	3.614628325	10.8562244	6.125096302	14.93115793	595
439	24.30842729	13.30258824	29.32365145	39.71712252	26.77859978	12.04328562	46.99016822	168.8746017	1128.038569	258.8067375	10
222	20.25702274	23.27952941	26.39128631	29.12588985	45.90617106	7.22597137	16.86826551	9.649977242	12.2501926	6.221315805	2
362	8.102809096	9.976941176	20.52655602	18.53465717	19.12757127	12.04328562	25.30239827	12.06247155	2.041698767	2.488526322	6
227	36.46264093	26.60517647	11.72946058	26.47808168	22.95308553	14.45194274	12.04876108	12.06247155	12.2501926	12.44263161	7
351	52.66825912	66.51294118	117.2946058	39.71712252	34.42962829	55.39911384	56.62917709	9.649977242	7.145945686	13.68689477	4
51	12.15421364	13.30258824	17.59419087	13.23904084	7.65102851	14.45194274	53.01454876	37.39366181	56.1467161	42.30494747	12
232	40.51404548	9.976941176	17.59419087	97.96890221	15.30205702	19.26925699	31.32677881	8.443730086	9.187644453	8.709842127	4
229	20.25702274	16.62823529	14.66182573	23.83027351	22.95308553	21.67791411	9.639008866	27.74368457	10.20849384	6.221315805	4
322	52.66825912	16.62823529	14.66182573	5.295616336	26.77859978	40.9471711	22.89264606	3.618741466	2.041698767	2.488526322	11
427	28.35983184	23.27952941	41.05311203	7.943424504	15.30205702	12.04328562	2.409752216	26.53743741	18.37528891	47.28200012	1
372	52.66825912	33.25647059	20.52655602	15.88684901	3.825514255	2.408657123	53.01454876	6.031235776	13.27104199	33.59510535	50
10	16.20561819	3.325647059	2.932365145	10.59123267	3.825514255	2.408657123	61.44868152	8.443730086	2.041698767	7.465578966	99
17	48.61685458	43.23341176	32.2560166	90.02547771	286.9135691	24.08657123	30.12190271	4.824988621	3.062548151	1.244263161	5
419	178.2618001	246.0978824	46.91784232	21.18246534	26.77859978	24.08657123	22.89264606	25.33119026	6.125096302	6.221315805	24
137	4.051404548	3.325647059	8.797095436	18.53465717	3.825514255	7.22597137	8.434132757	32.56867319	61.25096302	26.12952638	2
378	32.41123638	9.976941176	17.59419087	21.18246534	19.12757127	7.22597137	153.0192657	3.618741466	5.104246918	6.221315805	39
54	16.20561819	26.60517647	67.44439834	7.943424504	7.65102851	12.04328562	20.48289384	56.69361629	14.29189137	1.244263161	7
33	68.87387732	86.46682353	117.2946058	18.53465717	15.30205702	33.72119973	102.4144692	21.71244879	9.187644453	23.64100006	32
335	8.102809096	19.95388235	8.797095436	2.647808168	11.47654276	19.26925699	4.819504433	42.21865043	53.08416795	38.57215799	2
432	392.9862412	109.7463529	79.17385892	166.8119146	424.6320823	197.5098841	91.57058422	18.09370733	15.31274076	19.90821058	2
437	16.20561819	9.976941176	14.66182573	15.88684901	3.825514255	4.817314247	12.04876108	22.91869595	201.1073286	2.488526322	6
141	190.4160138	73.16423529	58.6473029	26.47808168	57.38271382	161.3800273	21.68776995	9.649977242	11.22934322	19.90821058	51
224	85.07949551	106.4207059	123.1593361	97.96890221	53.55719957	79.48568507	68.67793817	57.89986345	95.95984206	119.4492635	18
299	8.102809096	19.95388235	32.2560166	15.88684901	49.73168531	7.22597137	36.14628325	28.94993173	36.75057781	82.12136862	14
374	12.15421364	6.651294118	14.66182573	7.943424504	26.77859978	14.45194274	13.25363719	107.3559968	96.98069145	70.92300018	12
143	4.051404548	6.651294118	8.797095436	7.943424504	30.60411404	14.45194274	4.819504433	18.09370733	17.35443952	11.19836845	11
25	20.25702274	9.976941176	23.45892116	5.295616336	3.825514255	21.67791411	36.14628325	57.89986345	94.93899268	53.50331592	11
48	12.15421364	53.21035294	8.797095436	5.295616336	3.825514255	2.408657123	2.409752216	16.88746017	6.125096302	12.44263161	2
148	12.15421364	159.6310588	35.18838174	15.88684901	103.2888849	62.62508521	69.88281428	139.92467	14.29189137	6.221315805	7
223	145.8505637	1769.244235	1123.095851	26.47808168	260.1349693	847.8473074	380.7408502	342.5741921	52.06331857	129.4033687	31
225	360.5750048	548.7317647	448.6518672	381.2843762	126.2419704	476.9141104	100.004717	995.1539031	1277.082579	1840.265215	63
426	4.051404548	13.30258824	14.66182573	5.295616336	19.12757127	2.408657123	1.204876108	223.1557237	234.7953582	160.5099478	6
29	32.41123638	6.651294118	55.71493776	13.23904084	11.47654276	33.72119973	62.65355763	2.41249431	31.64633089	78.38857914	32
46	28.35983184	63.18729412	32.2560166	66.34359354	59.20926425	145.5787898	39.71712252	34.9811675	14.29189137	32.35084219	15
161	48.61685458	59.86164706	38.12074689	12.06247155	24.50038521	9.954105288	34.42150618	45.90617106	158.9713701	8.434132757	1
380	24.30842729	19.95388235	41.05311203	15.68121302	10.20849384	17.41968425	50.30835519	7.65102851	4.817314247	21.68776995	29
436	105.3365182	33.25647059	64.51203319	37.39366181	50.0216198	21.15247374	87.37766954	145.3695417	60.21642808	275.9166288	8
64	32.41123638	19.95388235	58.6473029	12.06247155	13.27104199	13.68689477	55.60397153	68.85925659	52.99045671	49.39992044	14
329	166.1075865	196.2131765	23.45892116	317.2430018	157.2108051	221.4788427	71.49082053	7.65102851	228.8224267	36.14628325	177
358	2552.384865	1696.08	2064.385062	1935.547771	1606.715987	1789.632243	1452.321575	1208.68567	1332.605845	1573.568197	8
410	1288.346646	1267.071529	407.5987552	98.91226673	90.85559515	189.1280005	190.6421881	401.6789968	859.890593	131.3314958	125
167	1265.353266	1327.104199	912.044897	1093.879228	1769.244235	909.033195	1763.44024	1170.607362	1180.24199	878.3546829	2
254	905.8916136	822.8046032	665.6807911	652.2761322	126.3745882	659.7821577	508.3791682	367.2493685	264.9522836	608.4624346	184
377	802.1781005	332.5647059	988.2070539	934.6762833	15.30205702	835.8040218	1355.485622	934.8415453	908.5559515	928.2203181	15
388	794.0752914	458.9392941	765.3473029	168.8746017	92.89729391	73.4115265	595.7568378	749.8007939	628.6595092	187.9606729	26
412	674.2921598	644.1559611	722.9168965	696.8415823	2012.016471	997.0041494	696.3735481	887.5193071	1577.670416	910.8863378	158
86	615.8134913	169.608	551.2846473	449.9301889	582.9049981	271.2493691	264.7808168	210.403284	317.9427403	307.2434076	33
145	563.1452322	319.2621176	2589.278423	455.9614247	215.39922	404.3855273	725.499438	1381.010646	474.5054533	980.7691521	269
146	535.5737369	107.1891853	181.6624215	28.35983184	13.30258824	41.05311203	108.5601349	68.85925659	91.52897069	86.75107979	109
244	356.5236002	56.536	205.2655602	349.5106782	244.8329123	187.8752556	240.9752216	101.324761	169.4609977	93.31973707	152
276	352.2241693	371.5891757	138.1132109	20.25702274	93.11811765	41.05311203	124.4469839	160.6715987	103.5722563	134.9461241	4
375	334.130462	260.3165928	263.7837901	166.1075865	365.8211765	87.97095436	251.5417759	195.101227	308.3081118	319.2921687	8
226	324.1123638	109.7463529	129.0240664	116.5035594	210.403284	65.03374233	79.52182314	141.1309172	141.8980643	83.36563179	15
267	319.6554961	465.507319	617.1545278	125.593541	242.7722353	99.70041494	240.9505433	145.3695417	368.5245399	384.3554785	72
301	289.4993173	314.4216102	369.5461588	287.6497229	512.1496471	384.139834	553.3919071	677.1160231	647.9287662	457.8529211	29
384	259.2898911	292.6569412	260.9804979	219.7680779	290.7390834	305.8994547	178.321664	114.5934797	237.8579064	231.4329479	16
430	254.5181497	147.0023112	113.2279476	271.4441047	29.93082353	216.9950207	267.428625	195.101227	122.8415133	454.2382928	333
102	243.0842729	46.55905882	173.0095436	95.32109404	107.1143991	67.44239945	210.8533189	246.0744197	122.501926	54.74757908	39
328	239.0328683	109.7463529	43.98547718	76.78643687	87.98682786	55.39911384	163.8631507	102.5310082	142.9189137	77.14431598	29
331	203.8557692	104.1266371	129.4033687	20.25702274	46.55905882	41.05311203	124.4469839	76.5102851	52.99045671	290.3751421	37
373	198.5188229	146.3284706	126.0917012	262.1330086	826.311079	226.4137696	97.59496476	125.4497041	89.83474576	47.28200012	147
425	178.2618001	581.9882353	202.333195	821.4543127	179.6694915	2596.777217	121.7991757	2035.173584	476.9141104	34.94140714	159
428	178.2618001	103.0950588	99.70041494	104.9435025	100.0432396	87.09842127	95.32109404	87.98682786	79.48568507	148.1997613	63
435	176.1120847	271.5459361	162.9984741	40.51404548	199.5388235	73.30912863	190.6421881	76.5102851	151.7453988	134.9461241	74
20	172.4933432	183.7528891	166.7312636	397.0376457	269.3774118	96.76804979	892.3113526	554.6995669	578.0777096	574.7259036	32
65	166.1075865	129.7002353	216.9950207	206.2682635	404.2563559	204.0591584	116.5035594	103.2888849	60.21642808	106.0290975	65
105	162.0561819	66.51294118	14.66182573	111.207943	42.0806568	125.2501704	253.0239827	117.0059741	108.2100347	217.7460532	112
150	153.9533728	19.95388235	58.6473029	82.02480655	18.37528891	29.86231586	124.4469839	57.38271382	33.72119973	48.19504433	8
201	137.7477546	69.83858824	55.71493776	56.69361629	28.58378274	34.83936851	214.4724616	443.7596536	91.52897069	109.6437258	95
237	137.7477546	83.14117647	105.5651452	95.32109404	87.98682786	52.99045671	53.01454876	74.78732362	35.72972843	23.64100006	35
240	133.6963501	139.6771765	117.2946058	230.3593106	68.85925659	250.5003408	96.39008866	176.1120847	199.0656298	161.7542109	12
241	121.5421364	13.30258824	73.30912863	132.3904084	133.8929989	28.90388548	650.6330984	88.05604233	35.72972843	12.44263161	22
257	115.7997269	114.335131	87.09842127	101.2851137	56.536	85.03858921	92.67328587	145.3695417	69.85105658	106.0290975	172
258	113.3872326	67.37605932	72.16726334	149.9019683	66.51294118	114.3622407	92.67328587	65.03374233	134.8847989	177.1167879	89
280	109.3879228	345.8672941	131.9564315	140.3338329	118.5909419	243.2743695	136.1510002	126.6559513	136.7938174	332.218264	24
288	105.3365182	99.76941176	733.0912863	243.6619254	236.837057	75.90005282	913.4938179	175.9736557	69.85105658	238.5654694	64
324	101.2851137	43.23341176	108.4975104	132.3904084	141.5440274	43.35582822	119.2827347	74.78732362	62.2718124	79.6328423	300
325	93.18230461	9.976941176	178.8742739	124.4469839	42.0806568	48.17314247	3.618741466	5.104246918	1.244263161	19.27801773	57
364	89.13090006	43.23341176	41.05311203	15.68121302	7.145945686	13.68689477	60.89958786	91.81234211	38.53851397	20.48289384	27
402	85.07949551	169.608	70.37676349	51.86862767	34.70887904	78.38857914	235.6549269	267.7859978	308.3081118	134.9461241	96
415	84.43730086	33.68802966	33.59510535	81.02809096	43.23341176	41.05311203	119.1513676	99.46337062	79.48568507	307.2434076	155
3	72.92528186	29.93082353	29.32365145	29.12588985	15.30205702	16.86059986	21.68776995	31.36242604	30.62548151	43.54921063	34
12	64.82247277	236.1209412	23.45892116	39.71712252	65.03374233	40.9471711	16.86826551	26.53743741	105.1474865	58.48036857	885
41	64.82247277	39.90776471	52.78257261	55.60397153	34.42962829	52.99045671	73.4974426	34.9811675	30.62548151	29.86231586	42
49	64.82247277	19.95388235	155.4153527	166.8119146	42.0806568	38.53851397	82.02480655	28.58378274	18.66394741	180.7314162	7
77	60.77106822	33.25647059	173.0095436	55.60397153	19.12757127	21.67791411	75.90719482	49.45613336	31.64633089	23.64100006	2039
85	54.28112198	37.7714272	59.72463173	24.30842729	33.25647059	26.39128631	34.42150618	53.55719957	12.04328562	63.85843373	83
88	48.61685458	23.27952941	70.37676349	20.50620164	32.66718028	32.35084219	5.295616336	3.825514255	43.35582822	42.17066379	147
94	40.51404548	16.62823529	90.9033195	63.54739603	19.12757127	40.9471711	40.96578768	44.63114474	44.91737288	54.74757908	18
104	40.51404548	419.0315294	175.9419087	201.2334208	325.1687117	298.6734833	296.3995226	600.7110833	694.1775809	576.0938435	312
108	40.51404548	53.21035294	26.39128631	31.77369801	15.30205702	21.67791411	16.86826551	7.237482931	69.41775809	33.59510535	1663
111	36.46264093	113.072	14.66182573	113.8557512	122.4164562	98.75494206	92.77546033	367.9053823	147.0023112	199.0821058	673
164	36.18741466	24.50038521	32.35084219	12.15421364	9.976941176	11.72946058	37.06931435	34.42962829	21.67791411	72.29256649	139
170	32.56867319	74.52200501	60.96889489	81.02809096	13.30258824	85.03858921	84.72986137	45.90617106	81.89434219	49.39992044	588
178	32.41123638	9.976941176	90.9033195	78.40606509	58.18841487	151.8001056	82.0820532	19.12757127	38.53851397	84.34132757	144
192	32.41123638	86.46682353	184.7390041	215.9182408	69.41775809	89.58694759	172.1075309	294.5645976	327.5773688	308.4482837	118
193	32.41123638	89.79247059	82.10622407	74.1386287	107.1143991	72.2597137	43.3755399	14.47496586	44.91737288	4.977052644	306
204	32.41123638	6.651294118	23.45892116	7.943424504	7.65102851	24.08657123	31.36242604	140.8772149	100.785316	3.614628325	37
208	28.35983184	126.3745882	55.71493776	106.1497497	62.2718124	44.7934738	10.59123267	11.47654276	48.17314247	2.409752216	132
247	28.35983184	29.93082353	46.91784232	95.29352526	50.0216198	68.43447385	31.77369801	26.77859978	52.99045671	60.24380541	13
250	28.35983184	9.976941176	46.91784232	26.47808168	19.12757127	9.634628494	43.3755399	6.031235776	7.145945686	8.709842127	169
253	28.35983184	13.30258824	93.83568465	82.0820532	68.85925659	26.49522836	108.4388497	25.33119026	30.62548151	49.77052644	252
256	28.35983184	9.976941176	76.24149378	31.77369801	19.12757127	45.76448534	38.55603546	38.59990897	35.72972843	36.08363167	60
259	28.35983184	6.651294118	5.86473029	7.943424504	7.65102851	2.408657123	20.48289384	18.09370733	9.187644453	14.93115793	589
261	28.35983184	678.432	38.12074689	68.84301236	57.38271382	402.2457396	188.1745562	111.2725828	215.2575269	203.6240623	146
266	28.35983184	73.16423529	93.83568465	63.54739603	195.101227	149.3367416	240.0431839	143.9397631	131.8918951	68.67793817	115
273	24.30842729	136.3515294	61.57966805	106.1497497	252.1497978	42.30494747	31.77369801	11.47654276	26.49522836	9.639008866	174
275	21.71244879	17.35443952	14.93115793	8.102809096	3.325647059	20.52655602	10.59123267	22.95308553	14.45194274	24.09752216	19
278	20.25702274	19.95388235	2.932365145	1.206247155	3.062548151	6.221315805	18.53465717	26.77859978	60.21642808	2.409752216	91
294	20.25702274	13.30258824	29.32365145	7.237482931	9.187644453	16.17542109	42.36493069	19.12757127	12.04328562	27.71215049	71
304	20.25702274	6.651294118	11.72946058	60.89958786	22.95308553	19.26925699	79.52182314	7.237482931	12.2501926	16.17542109	220
305	12.15421364	3.325647059	8.797095436	2.41249431	1.020849384	1.244263161	18.53465717	11.47654276	4.817314247	33.73653103	190
307	12.15421364	3.325647059	5.86473029	7.943424504	7.65102851	2.408657123	19.27801773	6.031235776	13.27104199	3.732789483	52
315	9.649977242	2.041698767	8.709842127	16.20561819	9.976941176	5.86473029	5.295616336	7.65102851	2.408657123	31.32677881	131
333	8.102809096	9.976941176	2.932365145	12.06247155	41.85482473	13.68689477	10.59123267	15.30205702	12.04328562	27.71215049	256
336	4.051404548	9.976941176	23.45892116	37.06931435	26.77859978	21.67791411	50.60479654	25.33119026	16.33359014	21.15247374	454
341	4.051404548	13.30258824	5.86473029	5.295616336	19.12757127	2.408657123	18.09370733	4.083397535	7.465578966	12.04876108	6
342	3.618741466	9.187644453	7.465578966	8.102809096	6.651294118	11.72946058	15.88684901	15.30205702	2.408657123	38.55603546	696
347	259.2898911	159.6310588	137.8211618	156.2206819	286.9135691	281.8128834	33.77492035	61.25096302	34.83936851	180.7314162	106
365	105.3365182	23.27952941	46.91784232	50.30835519	30.60411404	24.08657123	31.36242604	63.29266179	39.81642115	44.580416	16
370	141.7991592	63.18729412	114.3622407	193.2899963	210.403284	96.34628494	273.8181042	258.2748941	22.3967369	606.0526824	807
406	344.3693866	13.30258824	46.91784232	37.06931435	103.2888849	45.76448534	14.47496586	20.41698767	31.10657902	25.30239827	65
408	356.5236002	106.4207059	129.0240664	145.6294492	95.63785637	125.2501704	201.4432749	445.0903313	241.3870532	162.6582746	149
424	44.56545003	39.90776471	43.98547718	119.1513676	45.90617106	19.26925699	22.91869595	21.43783706	2.488526322	9.639008866	12
