TaxaID	RCS31	RCS32	RCS33	RBS31	RBS32	RBS33	RES31	RES32	RES33	RMS31	RMS32	RMS33
396			16.20528828		6.406358885			15.95682361		358.5818765	4	
303	12.38548333	15.43846759	5.401762762		6.406358885							1.935394737
80		3.859616898	1.35044069	8.624450308		2.084018135			11.01797753	1.428613054		
409			36.46189864	4.312225154		97.94885237				12.85751748	20	13.54776316
106	7.431289997	3.859616898			6.406358885					2.857226107	5	3.870789474
122	29.72515999	11.5788507			14.94817073				3.672659176		2	1.935394737
215	2.477096666				4.270905923	2.084018135		3.191364721		1.428613054	2	
13					8.541811847	2.084018135		6.382729442		1.428613054	2	1.935394737
346	2.477096666			30.18557608		8.336072542				1.428613054	4	13.54776316
235	39.63354665	27.01731829			10.67726481		2.375484496	3.191364721		4.285839161		
433		3.859616898	1.35044069		2.135452962			6.382729442		5.714452214	3	
76	2.477096666			4.312225154		8.336072542		6.382729442	11.01797753			5.806184211
121	636.613843	247.0154815			899.0256969	2.084018135					145	56.12644737
282		7.719233797	14.85484759			2.084018135	2.375484496	3.191364721				1.935394737
417				30.18557608		2.084018135	52.26065891	19.14818833	14.6906367			3.870789474
382				4.312225154	4.270905923	4.168036271	2.375484496	3.191364721				1.935394737
101					4.270905923		2.375484496	19.14818833	3.672659176	118.5748834	4	
107	2.477096666			12.93667546		181.3095778	33.25678295	15.95682361		1.428613054		
309	2.477096666		1.35044069			4.168036271				1.428613054	2	1.935394737
157	9.908386662	11.5788507		4.312225154	6.406358885			44.6791061	7.345318352			
335	2.477096666	3.859616898			2.135452962			15.95682361	3.672659176	15.71474359		
437				4.312225154	10.67726481	2.084018135		9.574094164		10.00029138	1	
90			18.90616967	56.058927		29.1762539				51.43006993	31	7.741578947
426	4.954193331	3.859616898						6.382729442		8.571678322	7	3.870789474
245		3.859616898			2.135452962	2.084018135	7.126453488	3.191364721	7.345318352			3.870789474
103				4.312225154		12.50410881		3.191364721	18.36329588	1.428613054	3	1.935394737
30		7.719233797		12.93667546	4.270905923	4.168036271		3.191364721			7	1.935394737
60	2.477096666	3.859616898	8.102644142	8.624450308	8.541811847						6	3.870789474
334	2.477096666	3.859616898	2.700881381		6.406358885		7.126453488	3.191364721		2.857226107		
214	17.33967666	3.859616898		4.312225154	12.81271777	8.336072542				7.143065268		1.935394737
372	4.954193331	3.859616898	1.35044069		25.62543554	2.084018135					1	3.870789474
10	44.58773998	19.29808449	6.752203452		12.81271777				3.672659176		4	1.935394737
17	54.49612664	19.29808449			40.57360627	4.168036271		3.191364721	33.05393258		1	
238	4.954193331	7.719233797		4.312225154	21.35452962		2.375484496	6.382729442				1.935394737
330	2.477096666	3.859616898	52.66718693	4.312225154	10.67726481					35.71532634	98	
9	2.477096666						2.375484496	6.382729442	18.36329588	1.428613054	2	1.935394737
221	2.477096666		4.051322071		2.135452962	4.168036271			3.672659176	2.857226107	5	3.870789474
96	2.477096666			8.624450308	2.135452962		9.501937984	76.59275331		11.42890443	13	5.806184211
284	7.431289997	3.859616898	5.401762762	4.312225154					3.672659176	1.428613054	3	1.935394737
34	2.477096666		24.30793243			2.084018135	7.126453488	6.382729442	11.01797753	7.143065268	2	
219	7.431289997		43.21410209	8.624450308		10.42009068		9.574094164		4.285839161	16	30.96631579
419			31.06013588	47.43447669		2.084018135	2.375484496		7.345318352	7.143065268	1	143.2192105
378	19.81677332	7.719233797	27.00881381	4.312225154	27.7608885					2.857226107	5	11.61236842
14	24.77096666	11.5788507	10.80352552	12.93667546	17.08362369					2.857226107	18	7.741578947
74	89.17547996	57.89425348	28.3592545		108.908101	2.084018135	28.50581395			28.57226107	50	
82	22.29386999	23.15770139	9.453084833		98.23083624		2.375484496			5.714452214	1	1.935394737
442		3.859616898	2.700881381	4.312225154		22.92419949	2.375484496			12.85751748	8	3.870789474
25		7.719233797	8.102644142	4.312225154	4.270905923	8.336072542				7.143065268	9	9.676973684
223	71.8358033	135.0865914	2.700881381	4.312225154	17.08362369			3.191364721	11.01797753			27.09552632
64	2.477096666		1.35044069			2.084018135	16.62839147	9.574094164	3.672659176	4.285839161	1	
367	49.54193331	19.29808449	8.102644142		121.7208188	2.084018135	7.126453488			5.714452214	26	1.935394737
345	29.72515999	146.6654421	8.102644142	293.2313105	57.65722997	50.01643525				25.71503496	37	106.4467105
68	19.81677332	11.5788507	4.051322071		8.541811847		16.62839147	86.16684747	198.3235955		2	1.935394737
206	17.33967666	11.5788507	2.700881381		8.541811847	12.50410881	9.501937984			2.857226107	7	11.61236842
149	9.908386662	11.5788507	60.76983107	12.93667546	2.135452962			15.95682361	36.72659176	2.857226107	105	
432	59.45031997	7.719233797	4.051322071		91.82447735		11.87742248		3.672659176	2.857226107	2	1.935394737
143			5.401762762	4.312225154	2.135452962	12.50410881	38.00775194	47.87047082	14.6906367		11	7.741578947
182	7.431289997	3.859616898	10.80352552	107.8056288	6.406358885	83.36072542				65.71620047	31	21.28934211
5	4.954193331	3.859616898	1.35044069		2.135452962			3.191364721	11.01797753	2.857226107	1	1.935394737
161	2.477096666			8.624450308	2.135452962	8.336072542	2.375484496	63.82729442	62.43520599	5.714452214		1.935394737
177	2.477096666		1.35044069		2.135452962	14.58812695	4.750968992	9.574094164	3.672659176	5.714452214	1	
380			2.700881381	38.81002639		45.84839898	2.375484496	19.14818833	22.03595506	2.857226107	12	21.28934211
436	59.45031997	119.6481239	4.051322071		170.8362369		2.375484496	12.76545888		30.00087413	8	11.61236842
329				21.56112577	2.135452962	22.92419949	102.1458333	47.87047082	381.9565543	1.428613054	2	1.935394737
167	56.97322331	154.3846759	13.5044069	21.56112577	51.25087108	2.084018135	30.88129845	31.91364721	18.36329588			
86			17.55572898		10.67726481	60.43652593	7.126453488	51.06183554	22.03595506	1.428613054	22	1.935394737
384	371.5644998	42.45578588	20.25661036		4.270905923	2.084018135		15.95682361	3.672659176	12.85751748	38	
196	9.908386662		12.15396621	4.312225154	2.135452962	25.00821763	7.126453488	3.191364721		8.571678322	28	13.54776316
7	2.477096666	3.859616898	1.35044069		2.135452962	2.084018135	28.50581395	22.33955305	33.05393258	1.428613054	1	
33			8.102644142	12.93667546	10.67726481	4.168036271	7.126453488	9.574094164	33.05393258	1.428613054	5	1.935394737
141	4.954193331			17.24890062	2.135452962	20.84018135	458.4685078	38.29637665	132.2157303	2.857226107	2	21.28934211
78	54.49612664	46.31540278	332.2084098	60.37115215	219.9516551	70.85661661			25.70861423	24.28642191	65	158.7023684
217	42.11064331	7.719233797	36.46189864	4.312225154	83.28266551	10.42009068		3.191364721		5.714452214	20	27.09552632
46	2.477096666	7.719233797	2.700881381	8.624450308	10.67726481	16.67214508	7.126453488			5.714452214	1	3.870789474
24	2.477096666	3.859616898	10.80352552	8.624450308	6.406358885		11.87742248	3.191364721	3.672659176	4.285839161	4	
268	24.77096666	27.01731829	117.4883401		49.11541812		14.25290698	19.14818833	22.03595506	27.14364802	15	5.806184211
306			4.051322071	4.312225154	2.135452962	8.336072542	11.87742248	9.574094164	3.672659176	10.00029138	2	3.870789474
320	4.954193331	7.719233797	13.5044069	64.68337731	8.541811847	14.58812695		9.574094164		7.143065268	10	36.7725
145	9.908386662	7.719233797	4.051322071	43.12225154		16.67214508	7.126453488	82.97548275	22.03595506	10.00029138	2	
176	9.908386662	7.719233797	6.752203452		12.81271777	6.252054406	28.50581395	12.76545888		5.714452214	1	1.935394737
226	4.954193331	3.859616898	2.700881381	4.312225154	2.135452962	2.084018135	2.375484496			7.143065268	1	3.870789474
398	7.431289997	3.859616898		4.312225154	10.67726481	2.084018135	2.375484496	9.574094164	3.672659176	1.428613054	4	7.741578947
75	4.954193331	11.5788507	20.25661036		44.8445122	2.084018135	4.750968992	12.76545888	3.672659176	2.857226107	17	7.741578947
224	49.54193331	54.03463658	5.401762762	4.312225154	27.7608885	33.34429017		9.574094164	22.03595506	42.85839161	3	7.741578947
299	2.477096666		1.35044069	25.87335092	8.541811847	12.50410881	21.37936047	22.33955305	18.36329588	8.571678322	3	9.676973684
199	9.908386662	3.859616898	21.60705105	17.24890062	6.406358885	50.01643525	9.501937984	12.76545888		20.00058275	4	21.28934211
148	19.81677332	15.43846759	1.35044069	25.87335092	375.8397213	4.168036271	38.00775194		14.6906367	1.428613054	5	9.676973684
187	14.86257999		16.20528828	12.93667546	6.406358885	4.168036271	4.750968992	3.191364721	7.345318352	1.428613054	28	3.870789474
190	12.38548333	11.5788507	25.65837312	4.312225154	55.521777	10.42009068		6.382729442	7.345318352	8.571678322	21	25.16013158
358	34.67935332	30.87693519	10.80352552	12.93667546	46.97996516	16.67214508		9.574094164	44.07191011	8.571678322	14	15.48315789
98	7.431289997	3.859616898	148.5484759	34.49780123		72.94063474	249.4258721	149.9941419	102.8344569	238.57838	111	25.16013158
213	9.908386662	7.719233797	6.752203452	4.312225154	17.08362369	12.50410881	9.501937984	3.191364721		7.143065268	7	27.09552632
354	12.38548333	27.01731829		12.93667546	8.541811847	8.336072542	33.25678295	12.76545888	40.39925094	7.143065268	7	9.676973684
377	9.908386662	23.15770139		4.312225154	8.541811847	2.084018135	21.37936047	54.25320026	18.36329588	2.857226107	7	9.676973684
388	7.431289997		32.41057657	4.312225154	6.406358885	2.084018135	33.25678295	105.3150358	176.2876404	82.85955711	100	23.22473684
276	4.954193331	3.859616898	20.25661036	4.312225154	6.406358885	16.67214508	30.88129845	22.33955305	80.79850187	10.00029138		13.54776316
389	34.67935332	15.43846759	37.81233933	30.18557608	19.21907666	2.084018135		67.01865915	3.672659176	21.4291958	11	71.60960526
198	12.38548333	15.43846759	79.67600073	25.87335092	38.43815331	18.75616322	19.00387597		3.672659176	25.71503496	60	73.545
287	19.81677332	7.719233797	18.90616967		8.541811847	2.084018135	9.501937984	6.382729442	18.36329588	42.85839161	50	9.676973684
292	4.954193331	3.859616898	6.752203452	4.312225154	2.135452962	4.168036271	11.87742248	6.382729442		5.714452214	12	7.741578947
301	19.81677332	3.859616898		38.81002639	2.135452962	25.00821763	11.87742248	22.33955305	3.672659176	14.28613054	3	3.870789474
331	17.33967666	19.29808449	35.11145795	17.24890062	12.81271777	4.168036271	11.87742248		18.36329588	24.28642191	11	5.806184211
87	17.33967666	11.5788507	8.102644142	30.18557608	10.67726481	4.168036271	73.64001938	79.78411803	29.38127341	25.71503496	17	17.41855263
11	64.4045133	1258.235109	370.0207492	1004.748461	93.95993031	298.0145934	772.0324612	517.0010848	587.6254682	257.1503496	246	174.1855263
48	37.15644998	478.5924954	228.2244767	405.3491645	68.33449477	91.69679796	323.0658915	19.14818833	7.345318352	31.42948718	99	505.1380263
63	56.97322331	366.6636054	41.8636614	323.4168865	49.11541812	706.4821479	273.1807171	229.7782599	249.740824	158.576049	29	110.3175
225	158.5341866	189.121228	39.16278002	288.9190853	66.19904181	22.92419949	273.1807171	54.25320026	66.10786517	72.85926573	88	65.80342105
29	401.2896598	169.8231435	106.6848145	254.4212841	403.6006098	150.0493058	249.4258721	232.9696246	290.1400749	148.5757576	73	106.4467105
99	170.9196699	165.9635266	78.32556004	228.5479332	360.8915505	168.805469	242.2994186	3.191364721	33.05393258	31.42948718	162	133.5422368
131	54.49612664	165.9635266	29.70969519	150.9278804	49.11541812	35.4283083	182.9123062	73.40138859	150.5790262	25.71503496	36	29.03092105
319	56.97322331	154.3846759	43.21410209	133.6789798	111.043554	16.67214508	171.0348837	41.48774138	58.76254682	62.85897436	142	52.25565789
410	74.31289997	135.0865914	95.88128902	125.0545295	51.25087108	60.43652593	156.7819767	153.1855066	55.08988764	128.5751748	242	121.9298684
67	22.29386999	135.0865914	16.20528828	107.8056288	19.21907666	33.34429017	130.6516473	38.29637665	33.05393258	38.57255245	66	30.96631579
254	104.03806	104.2096563	79.67600073	99.18117854	232.7643728	206.3177954	130.6516473	315.9451074	242.3955056	91.43123543	532	98.70513158
412	29.72515999	104.2096563	60.76983107	99.18117854	40.57360627	139.6292151	106.8968023	51.06183554	69.78052434	31.42948718	51	59.99723684
414	210.5532166	96.49042246	21.60705105	94.86895339	162.2944251	58.35250779	97.39486434	328.7105663	187.305618	31.42948718	43	112.2528947
146	66.88160997	81.05195487	2.700881381	90.55672823	117.4499129	245.91414	92.64389535	70.21002387	66.10786517	5.714452214	56	46.44947368
228	64.4045133	81.05195487	609.0487514	90.55672823	219.9516551	29.1762539	87.89292636	63.82729442	73.45318352	91.43123543	55	29.03092105
244	56.97322331	77.19233797	32.41057657	81.93227792	102.5017422	102.1168886	87.89292636	223.3955305	95.48913858	95.71707459	88	67.73881579
291	27.24806332	69.47310417	297.0969519	81.93227792	42.70905923	350.1150468	80.76647287	194.673248	168.9423221	124.2893357	125	228.3765789
311	272.4806332	69.47310417	2027.011476	73.30782762	158.0235192	70.85661661	80.76647287	296.7969191	146.906367	1571.474359	2155	162.5731579
352	133.7632199	69.47310417	76.97511935	73.30782762	102.5017422	162.5534146	78.39098837	67.01865915	128.5430712	217.1491841	130	214.8288158
375	22.29386999	61.75387038	25.65837312	73.30782762	29.89634146	266.7543213	76.01550388	57.44456498	80.79850187	230.0067016	41	61.93263158
260	121.3777366	54.03463658	274.1394602	68.99560246	111.043554	75.02465288	73.64001938	28.72228249	14.6906367	222.8636364	141	69.67421053
267	54.49612664	46.31540278	47.26542416	68.99560246	44.8445122	85.44474355	68.88905039	41.48774138	66.10786517	27.14364802	44	73.545
327	44.58773998	42.45578588	33.76101726	64.68337731	21.35452962	31.26027203	64.1380814	44.6791061	22.03595506	37.14393939	29	44.51407895
339	101.5609633	38.59616898	72.92379728	47.43447669	29.89634146	12.50410881	57.01162791	57.44456498	102.8344569	45.71561772	77	77.41578947
393	14.86257999	38.59616898	27.00881381	47.43447669	14.94817073	20.84018135	47.50968992	22.33955305	36.72659176	11.42890443	22	19.35394737
430	14.86257999	38.59616898	24.30793243	47.43447669	4.270905923	10.42009068	42.75872093	28.72228249	84.47116105	28.57226107	46	19.35394737
102	94.12967329	34.73655209	39.16278002	34.49780123	177.2425958	35.4283083	40.38323643	25.53091777	22.03595506	31.42948718	39	69.67421053
328	14.86257999	34.73655209	6.752203452	34.49780123	6.406358885	14.58812695	35.63226744	9.574094164	40.39925094	7.143065268	19	7.741578947
373	2.477096666	30.87693519	1.35044069	34.49780123	17.08362369	35.4283083	35.63226744	9.574094164	18.36329588	10.00029138	17	5.806184211
392	89.17547996	30.87693519	14.85484759	30.18557608	200.7325784	35.4283083	35.63226744	51.06183554	25.70861423	18.5719697	33	21.28934211
425	24.77096666	30.87693519	112.0865773	30.18557608	42.70905923	8.336072542	33.25678295	6.382729442	14.6906367	54.28729604	26	17.41855263
428	22.29386999	27.01731829	14.85484759	25.87335092	6.406358885	89.61277982	28.50581395	19.14818833	11.01797753	102.8601399	28	19.35394737
435	19.81677332	19.29808449	9.453084833	25.87335092	10.67726481	16.67214508	26.13032946	25.53091777	11.01797753	1.428613054	18	21.28934211
20	2.477096666	19.29808449	9.453084833	25.87335092	17.08362369	14.58812695	26.13032946	35.10501193	11.01797753	168.5763403	18	9.676973684
65	27.24806332	19.29808449	12.15396621	21.56112577	25.62543554	27.09223576	26.13032946	35.10501193	25.70861423	62.85897436	36	9.676973684
105	17.33967666	19.29808449	13.5044069	17.24890062	21.35452962	14.58812695	23.75484496	51.06183554	36.72659176	18.5719697	18	27.09552632
150	14.86257999	19.29808449	20.25661036	17.24890062	19.21907666	6.252054406	23.75484496	3.191364721	14.6906367	28.57226107	55	11.61236842
188	22.29386999	19.29808449	20.25661036	12.93667546	55.521777	16.67214508	23.75484496	19.14818833	7.345318352	27.14364802	24	9.676973684
201	12.38548333	19.29808449	189.0616967	12.93667546	51.25087108	79.19268915	23.75484496	57.44456498	25.70861423	114.2890443	42	15.48315789
237	9.908386662	15.43846759	60.76983107	12.93667546	29.89634146	62.52054406	23.75484496	31.91364721	22.03595506	35.71532634	14	67.73881579
240	302.2057932	15.43846759	66.17159383	8.624450308	185.7844077	58.35250779	21.37936047	92.54957691	7.345318352	35.71532634	77	42.57868421
241	200.6448299	15.43846759	14.85484759	8.624450308	81.14721254	29.1762539	21.37936047	245.7350835	55.08988764	71.43065268	134	23.22473684
257	143.6716066	15.43846759	12.15396621	8.624450308	187.9198606	12.50410881	21.37936047	22.33955305	7.345318352	14.28613054	11	11.61236842
258	32.20225665	11.5788507	51.31674624	8.624450308	8.541811847	4.168036271	21.37936047	31.91364721	73.45318352	42.85839161	29	17.41855263
280	22.29386999	11.5788507	4.051322071	8.624450308	14.94817073	29.1762539	16.62839147	89.35821219	11.01797753	92.85984848	34	3.870789474
285	17.33967666	11.5788507	17.55572898	8.624450308	6.406358885	8.336072542	14.25290698	22.33955305	11.01797753	12.85751748	28	25.16013158
288	2.477096666	11.5788507	12.15396621	8.624450308	4.270905923	20.84018135	11.87742248	44.6791061	47.74456929	17.14335664	11	44.51407895
289	61.92741664	11.5788507	29.70969519	4.312225154	61.92813589	10.42009068	11.87742248	44.6791061	14.6906367	48.57284382	37	17.41855263
324	39.63354665	7.719233797	36.46189864	4.312225154	10.67726481	27.09223576	11.87742248	22.33955305	238.7228464	68.57342657	94	73.545
325	17.33967666	7.719233797	51.31674624	4.312225154	12.81271777	56.26848966	9.501937984	15.95682361	51.41722846	472.8709207	10	11.61236842
364	17.33967666	7.719233797	20.25661036	4.312225154	14.94817073	33.34429017	9.501937984	15.95682361	7.345318352	24.28642191	128	15.48315789
402	9.908386662	3.859616898	20.25661036	4.312225154	10.67726481	2.084018135	7.126453488	28.72228249	44.07191011	17.14335664	14	5.806184211
415	4.954193331	3.859616898	4.051322071	4.312225154	27.7608885	133.3771607	4.750968992	6.382729442	3.672659176	17.14335664	13	3.870789474
431	2.477096666	3.859616898	6.752203452	4.312225154	2.135452962	35.4283083	4.750968992	9.574094164	84.47116105	7.143065268	7	30.96631579
3	2.477096666	3.859616898	2.700881381	4.312225154	2.135452962	25.00821763	2.375484496	35.10501193	25.70861423	7.143065268	6	13.54776316
12	1857.822499	11.5788507	1069.549027	1677.455585	845.6393728	839.8593086	406.2078488	430.8342374	11.01797753	491.4428904	838	21.28934211
41	1439.193163	540.3463658	336.2597319	439.8469657	1159.550958	562.6848966	102.1458333	57.44456498	437.0464419	157.1474359	225	867.0568421
49	1000.747053	158.2442928	541.5267169	314.7924362	877.6711672	354.283083	1114.102229	877.6252983	194.6509363	505.729021	905	216.7642105
77	772.8541596	1895.071897	160.7024422	633.8970976	418.5487805	648.1296401	562.9898256	462.7478846	2089.743071	367.1535548	383	2399.889474
85	416.1522398	169.8231435	749.4945832	823.6350044	674.8031359	2054.841882	1629.582364	2048.856151	205.6689139	1525.758741	1029	251.6013158
88	317.0683732	19.29808449	233.6262394	659.7704485	335.266115	266.7543213	396.7059109	271.2660013	14.6906367	208.5775058	189	25.16013158
94	274.9577299	138.9462083	198.5147815	245.7968338	296.8279617	458.4839898	425.2117248	462.7478846	179.9602996	475.7281469	351	179.9917105
104	235.3241832	38.59616898	126.9414249	120.7423043	98.23083624	75.02465288	275.5562015	9.574094164	29.38127341	81.43094406	45	46.44947368
108	200.6448299	15.43846759	660.3654976	375.1635884	388.652439	168.805469	106.8968023	67.01865915	11.01797753	195.7199883	136	23.22473684
111	161.0112833	108.0692732	63.47071245	297.5435356	121.7208188	245.91414	223.2955426	89.35821219	102.8344569	132.861014	95	81.28657895
164	131.2861233	42.45578588	174.2068491	189.7379068	125.9917247	127.1251063	128.2761628	360.6242135	47.74456929	177.1480186	238	52.25565789
170	121.3777366	30.87693519	139.0953911	47.43447669	81.14721254	31.26027203	9.501937984	3.191364721	14.6906367	31.42948718	16	46.44947368
178	111.4693499	494.030963	126.9414249	60.37115215	119.5853659	22.92419949	38.00775194	22.33955305	429.7011236	190.0055361	61	745.1269737
192	111.4693499	54.03463658	143.1467132	362.2269129	170.8362369	156.3013602	225.6710271	207.4387069	73.45318352	117.1462704	188	71.60960526
193	104.03806	119.6481239	129.6423063	43.12225154	138.8044425	114.6209974	294.5600775	319.1364721	161.5970037	85.71678322	171	108.3821053
204	101.5609633	88.77118866	71.57335659	60.37115215	111.043554	39.59634457	344.4452519	357.4328488	91.8164794	52.85868298	74	79.35118421
208	99.08386662	250.8750984	374.0720712	245.7968338	100.3662892	393.8794276	368.2000969	660.6124973	242.3955056	527.1582168	457	375.4665789
247	99.08386662	115.788507	20.25661036	51.74670185	55.521777	70.85661661	59.3871124	143.6114125	124.870412	15.71474359	36	92.89894737
250	99.08386662	69.47310417	44.56454278	73.30782762	91.82447735	22.92419949	173.4103682	264.8832719	80.79850187	78.57371795	83	75.48039474
253	94.12967329	65.61348727	147.1980353	159.5523307	106.7726481	25.00821763	128.2761628	89.35821219	77.1258427	71.43065268	184	71.60960526
256	91.65257662	138.9462083	54.01762762	64.68337731	68.33449477	162.5534146	61.7625969	124.4632241	176.2876404	105.717366	65	143.2192105
259	81.74418996	115.788507	108.0352552	30.18557608	49.11541812	12.50410881	9.501937984	12.76545888	139.5610487	28.57226107	52	94.83434211
261	81.74418996	30.87693519	27.00881381	314.7924362	79.01175958	477.240153	242.2994186	217.012801	14.6906367	242.8642191	71	36.7725
266	71.8358033	69.47310417	90.47952626	125.0545295	106.7726481	70.85661661	59.3871124	86.16684747	80.79850187	45.71561772	131	73.545
273	71.8358033	50.17501968	249.8315277	120.7423043	32.03179443	125.0410881	161.5329457	82.97548275	66.10786517	28.57226107	82	58.06184211
275	71.8358033	3.859616898	40.51322071	8.624450308	44.8445122	16.67214508	7.126453488	31.91364721	3.672659176	21.4291958	32	1.935394737
278	64.4045133	46.31540278	86.42820419	77.62005277	98.23083624	127.1251063	73.64001938	162.7596008	62.43520599	70.00203963	128	56.12644737
294	47.06483665	77.19233797	83.72732281	133.6789798	19.21907666	29.1762539	97.39486434	25.53091777	88.14382022	58.5731352	81	77.41578947
304	44.58773998	7.719233797	103.9839332	60.37115215	51.25087108	75.02465288	173.4103682	274.457366	7.345318352	151.4329837	110	11.61236842
305	37.15644998	34.73655209	110.7361366	17.24890062	2.135452962	62.52054406	187.6632752	105.3150358	22.03595506	171.4335664	93	46.44947368
307	37.15644998	7.719233797	24.30793243	73.30782762	251.9834495	97.94885237	14.25290698	57.44456498	7.345318352	275.7223193	107	15.48315789
315	32.20225665	1497.531357	43.21410209	219.9234829	27.7608885	75.02465288	16.62839147	47.87047082	1784.91236	90.00262238	52	1347.034737
333	32.20225665	308.7693519	18.90616967	4.312225154	34.16724739	2.084018135	23.75484496	25.53091777	249.740824	27.14364802	47	385.1435526
336	29.72515999	38.59616898	288.9943077	336.353562	108.908101	646.045622	80.76647287	44.6791061	40.39925094	552.8732517	208	52.25565789
341	27.24806332	378.242456	1.35044069	51.74670185	19.21907666	108.368943	7.126453488	15.95682361	308.5033708	15.71474359	4	385.1435526
342	22.29386999	119.6481239	37.81233933	30.18557608	8.541811847	41.68036271	21.37936047	9.574094164	139.5610487	4.285839161	34	104.5113158
347	22.29386999	15.43846759	24.30793243	8.624450308	21.35452962	37.51232644	38.00775194	54.25320026	11.01797753	51.43006993	33	21.28934211
365	17.33967666	142.8058252	13.5044069	64.68337731	14.94817073	87.52876169	68.88905039	143.6114125	179.9602996	70.00203963	25	205.1518421
370	14.86257999	127.3673576	475.355123	25.87335092	46.97996516	95.86483423	83.14195736	31.91364721	168.9423221	68.57342657	250	135.4776316
406	14.86257999	50.17501968	10.80352552	8.624450308	49.11541812	4.168036271	2.375484496	19.14818833	69.78052434	7.143065268	17	63.86802632
408	7.431289997	621.3983206	4.051322071	21.56112577	10.67726481	4.168036271	4.750968992	3.191364721	517.8449438	2.857226107	5	888.3461842
424	7.431289997	27.01731829	85.0777635	12.93667546	134.5335366	16.67214508	19.00387597	15.95682361	14.6906367	41.42977855	97	34.83710526
