Name	"R1node.degree"	"R1node.betw"	"R1node.stress"	"R1node.evcent"	"R1Clustering.Coefficient"	R1No. module	R1Zi	R1Pi
23	1	0	0	0.00261782706921048	0	7	-1.21267812518166	0
363	1	0	0	0.00261782706921048	0	7	-1.21267812518166	0
173	6	302.817435342435	852	0.0940174544999941	0.0666666666666667	0	0.184068778331295	0.277777777777778
92	2	184	368	4.54712234546126e-06	0	2	0	0
122	7	2002.35709666769	8502	0.0112071935067319	0.142857142857143	3	1.87032938408755	0
270	9	866.868117103449	2869	0.282782317388043	0.277777777777778	0	1.33095885870321	0.197530864197531
326	1	0	0	0.0168326621866245	0	0	-1.34511799549792	0
82	3	367	855	0.00109843597833012	0	6	0.569651921139812	0
196	7	2002.35709666769	8502	0.0112071935067319	0.142857142857143	3	1.87032938408755	0
303	2	161.442171717172	410	0.00221002860870899	0	11	0	0
149	2	0	0	2.94824113963847e-05	1	2	0	0
131	4	1431	2943	0.00128472612361839	0.166666666666667	1	-0.341279063282745	0.375
414	1	0	0	6.72598875751962e-07	0	2	-1.08012344973464	0
35	1	0	0	2.98108653717514e-139	0	20	0	0
127	3	672.920213120213	1276	6.25215462785306e-05	0	2	1.08012344973464	0
110	1	0	0	2.88312998823727e-114	0	15	0	0
210	1	0	0	0.00112755203698857	0	3	-1.09396624352291	0
246	5	898.803007945002	3486	0.0592562114554989	0.1	0	-0.580524608583314	0.48
269	3	956.220717400241	2041	0.00397700678140078	0	6	-0.732409612894043	0.666666666666667
79	2	366	918	0.0188427686998681	0	0	-0.962821302040618	0
13	6	1603.52862749188	6107	0.0179872405541875	0.333333333333333	3	0.882230841550732	0.277777777777778
96	2	3.33333333333333	10	0.0138735087437926	0	6	-0.0813788458771159	0
282	1	0	0	0.00039633071550584	0	10	0	0
345	4	367	741	0.0176978885811183	0.166666666666667	7	0.970142500145332	0
190	4	74.7196755858521	340	0.00651990746184451	0.166666666666667	1	0.0525044712742685	0
268	2	184	750	9.89181334152248e-05	0	1	-0.735062597839759	0
98	3	340.99613997114	869	0.0122615531887593	0	11	0	0
213	1	0	0	2.98108653717514e-139	0	16	0	0
352	3	366	734	3.00683410366562e-05	0.333333333333333	2	1.08012344973464	0
153	1	0	0	0.000162477881165276	0	6	-0.732409612894043	0
249	2	0	0	0.000364114410754451	1	3	-0.599916972254498	0
245	1	0	0	4.79194124639133e-06	0	2	-1.08012344973464	0
121	3	120.770634920635	318	0.00134637320306738	0.333333333333333	3	-0.105867700986088	0
382	1	0	0	2.98108653717514e-139	0	23	0	0
78	8	1768.79351016574	5066	0.00877121367035197	0.285714285714286	1	1.62763860950232	0
63	4	1006.69036539551	2865	0.058278645089238	0	4	0	0.625
187	1	0	0	0.00693493713761545	0	6	-0.732409612894043	0
320	2	546	1278	0.00710104948734242	0	6	-0.0813788458771159	0
291	2	0.333333333333333	1	0.000281238524604528	0	3	-0.599916972254498	0
260	3	76.3333333333333	424	0.0014087905615931	0.333333333333333	3	-0.105867700986088	0
339	2	0.333333333333333	1	0.000281238524604528	0	3	-0.599916972254498	0
1	1	0	0	0.000757625288483489	0	7	-1.21267812518166	0
263	2	0	0	3.47747825485588e-05	1	13	0	0
369	2	0	0	0.010133110576149	1	3	-0.599916972254498	0
386	1	0	0	2.98108653717514e-139	0	19	0	0
411	1	0	0	4.79194124639133e-06	0	2	-1.08012344973464	0
441	6	677.038782512086	3091	0.125445930511742	0.266666666666667	9	-0.420542382164398	0.611111111111111
21	1	0	0	4.79194124639133e-06	0	2	-1.08012344973464	0
113	1	0	0	0.0120200202618484	0	6	-0.732409612894043	0
43	3	1019.75777462448	2209	0.0550824745099266	0	2	-1.08012344973464	0.666666666666667
272	1	0	0	8.14954463374809e-05	0	5	-0.763479897838931	0
416	1	0	0	2.98108653717514e-139	0	18	0	0
418	1	0	0	1.93947509651725e-06	0	5	-0.763479897838931	0
413	1	0	0	2.98108653717514e-139	0	17	0	0
9	3	646.700466200466	1481	0.00236408198932857	0.333333333333333	1	-0.341279063282745	0
90	3	366	744	0.000200321046655642	0.333333333333333	13	0	0
306	2	0	0	0.00245366564220904	1	4	0	0
198	7	285.49126984127	1033	0.00570948312329544	0.428571428571429	1	1.23385507494531	0
292	2	0.142857142857143	1	0.00331547962927868	0	3	-0.599916972254498	0
327	1	0	0	0.000162477881165276	0	6	-0.732409612894043	0
379	1	0	0	0.00181369804093818	0	11	0	0
18	2	0	0	0.0561871953316095	1	0	-0.962821302040618	0
174	4	551.734968996245	1523	0.0660030451144142	0	0	-0.580524608583314	0.375
353	5	305.750331041507	938	0.0230608196286375	0.2	9	0.0934538627031995	0.32
42	4	672.781793640691	2490	0.0883499753577351	0.166666666666667	0	-0.962821302040618	0.625
89	1	0	0	1.01933381510758e-05	0	5	-0.763479897838931	0
39	4	133.04419595354	636	0.0509954749916806	0.166666666666667	6	0.569651921139812	0.375
55	4	2395.47272775845	8218	0.0047236003190843	0	3	-0.599916972254498	0.5
45	2	8.43080394497898	171	0.0438058915969204	0	6	-0.732409612894043	0.5
52	3	35.9130952380952	98	0.0674016461701237	0.333333333333333	0	-0.580524608583314	0
139	2	323.827478077478	599	0.000355313217052766	0	2	0	0
219	4	281.430803944979	1023	0.046883824461334	0	6	0.569651921139812	0.375
397	1	0	0	7.95456679336722e-05	0	3	-1.09396624352291	0
107	2	0	0	0.0101158190436235	1	7	-0.485071250072666	0
309	3	13.5	27	1.58518762761169e-05	0.666666666666667	5	0.559885258415216	0
14	3	600.335331544266	1259	0.0201514112012515	0.333333333333333	6	0.569651921139812	0
74	2	31.4567266067266	127	0.022527255169571	0	4	-1.6583123951777	0.5
442	3	303.753145799213	780	0.00267940419524243	0	10	0	0
7	2	8.43080394497898	171	0.0438058915969204	0	6	-0.732409612894043	0.5
75	3	348.581705070852	1519	0.0108474744761875	0	1	-0.735062597839759	0.444444444444444
87	2	0	0	3.47747825485588e-05	1	13	0	0
5	5	75.4701723113488	346	0.0263099459409795	0.3	9	-0.420542382164398	0.48
177	2	1	1	2.88312998823727e-114	0	14	0	0
67	2	519.583387080756	2728	0.000200791852410413	0	5	-0.763479897838931	0.5
311	5	213.051708099019	1587	0.14136824079322	0.3	0	-0.580524608583314	0.48
389	1	0	0	2.88312998823727e-114	0	15	0	0
176	4	821.430803944979	2289	0.046908395381398	0	6	0.569651921139812	0.375
188	3	226.680663780664	623	0.00270553651100815	0.333333333333333	1	-0.341279063282745	0
285	2	519.583387080756	2728	0.000200791852410413	0	5	-0.763479897838931	0.5
289	4	1365.97608298135	5333	0.00347652074354984	0	3	-0.105867700986088	0.375
431	1	0	0	1.2391228726229e-05	0	8	-1	0
62	1	0	0	7.95456679336722e-05	0	3	-1.09396624352291	0
84	2	184	369	3.15748363448295e-05	0	2	0	0
439	8	3088.0830841856	8283	0.0742226690713442	0.142857142857143	7	0.242535625036333	0.75
222	8	385.075295351992	1929	0.314370087164125	0.5	0	0.948662165245903	0.21875
362	2	0	0	0.00500987961648052	1	7	-0.485071250072666	0
227	4	471.937157287157	1427	0.0788708253694251	0.166666666666667	0	-0.580524608583314	0.375
351	5	56.9728734131366	314	0.0350711562263892	0.4	9	0.607450107570797	0
51	1	0	0	4.67047020372139e-06	0	2	-1.08012344973464	0
232	1	0	0	2.98108653717514e-139	0	21	0	0
229	9	759.496063361788	2786	0.32540556050405	0.416666666666667	0	1.71325555216051	0
322	1	0	0	2.98108653717514e-139	0	23	0	0
427	4	227.320743145743	576	0.00267940318437329	0.5	1	-0.341279063282745	0.375
372	2	366	722	0.000553946347942178	0	8	1	0
10	7	76.6043650793651	227	0.00441676795687368	0.523809523809524	1	1.23385507494531	0
17	9	339.186379626511	1920	0.344111823788189	0.472222222222222	0	1.71325555216051	0
419	4	60.2619047619048	103	0.000482183450474771	0	3	0.388181570282322	0
378	1	0	0	0.000517738460717585	0	1	-1.12884613239677	0
54	1	0	0	2.88312998823727e-114	0	14	0	0
33	2	0	0	0.00245366564220904	1	4	0	0
335	7	647.536834904227	2672	0.00432318876626337	0.380952380952381	1	1.23385507494531	0
432	5	1519.42000762919	5341	0.0344067384159443	0.3	3	-0.105867700986088	0.48
437	1	0	0	2.98108653717514e-139	0	19	0	0
141	1	0	0	2.98108653717514e-139	0	17	0	0
224	2	0	0	0.0205972456035608	1	9	-0.934538627031996	0
299	1	0	0	2.98108653717514e-139	0	18	0	0
143	2	546	1080	0.00366119759004921	0	8	-1	0.5
25	3	303.537878787879	662	0.00229871124986135	0	4	1.6583123951777	0
48	1	0	0	0.000843108459155061	0	1	-1.12884613239677	0
148	2	366	1498	0.000654106910240149	0	1	-0.735062597839759	0
223	2	0	0	0.00148258364831687	1	1	-0.735062597839759	0
225	4	460.553710745739	1369	0.00582906638456998	0	3	-0.105867700986088	0.375
426	2	114.058008658009	218	0.000931495316828821	0	4	0	0
29	1	0	0	0.000340019573906398	0	4	-1.6583123951777	0
46	3	11.252380952381	44	0.00310635645586431	0.333333333333333	1	-0.341279063282745	0
161	9	2332.54859750719	11413	0.0340984214806301	0.138888888888889	3	1.87032938408755	0.345679012345679
380	1	0	0	2.98108653717514e-139	0	16	0	0
436	5	2516.35611052025	6410	0.0449429546167217	0.2	9	-0.934538627031996	0.72
64	8	1410.69623217751	4729	0.124537510966633	0.25	0	0.184068778331295	0.46875
329	2	0.333333333333333	1	0.0284539559614623	0	6	-0.732409612894043	0.5
358	5	1151.97287199385	2754	0.00592649848007675	0.2	1	0.446288005831283	0
410	2	0	0	5.28690333601405e-06	1	12	0	0
167	1	0	0	0.00341109831177124	0	9	-1.44853487189959	0
254	3	546	1113	3.0352617624452e-05	0.333333333333333	12	0	0.444444444444444
377	7	2630.40669913536	6958	0.0241976760047517	0.0476190476190476	1	-0.341279063282745	0.73469387755102
388	3	487.851047380141	1569	0.0102373432526069	0	4	0	0.444444444444444
412	4	184.142857142857	694	0.00454241786456647	0.333333333333333	3	0.388181570282322	0
86	4	553.335497835498	1598	0.0141344053053942	0.166666666666667	4	1.6583123951777	0.375
145	1	0	0	1.46317210783406e-05	0	1	-1.12884613239677	0
244	1	0	0	2.98108653717514e-139	0	22	0	0
375	10	2352.34627390995	10777	0.359527630276153	0.355555555555556	0	1.71325555216051	0.18
226	2	0	0	0.0169234438180712	1	7	-0.485071250072666	0
267	3	1215.18991008991	2629	0.000204638485038803	0	2	0	0.444444444444444
384	1	0	0	2.98108653717514e-139	0	21	0	0
430	6	231.879184132861	957	0.191752777386944	0.4	0	0.566365471788599	0
102	9	1333.26093055124	4961	0.287007041601539	0.305555555555556	0	1.33095885870321	0.197530864197531
328	1	0	0	2.88312998823727e-114	0	14	0	0
331	5	41.8688330090962	274	0.0364793834698767	0.5	9	0.607450107570797	0
373	6	752.472222222222	2661	0.0281995431834137	0.266666666666667	7	1.69774937525433	0.277777777777778
428	2	1	1	2.88312998823727e-114	0	15	0	0
435	1	0	0	0.000296791962216427	0	1	-1.12884613239677	0
20	2	827.053002553003	1468	0.00834253432661179	0	2	0	0
65	2	1051.61636696637	2233	0.006808288240018	0	2	-1.08012344973464	0.5
105	3	833.646053946054	1519	0.000208792039290177	0	2	1.08012344973464	0
150	6	405.67905982906	1402	0.0401887168543754	0.333333333333333	7	1.69774937525433	0.277777777777778
201	8	848.308967710584	2786	0.00569985683261028	0.25	1	1.23385507494531	0.21875
237	9	499.572333350471	2366	0.287229263571025	0.305555555555556	0	1.33095885870321	0.197530864197531
240	3	1	2	0.00566987940052078	0.666666666666667	7	0.242535625036333	0
241	3	956.402702852703	1700	0.00131744767678177	0	2	1.08012344973464	0
257	6	917.166774161512	4641	6.89123299808802e-05	0.133333333333333	5	2.54493299279644	0
280	5	2448.28617143091	9114	0.00128854625587614	0	3	-0.599916972254498	0.64
288	2	213.666559171822	916	8.52145093660047e-05	0	5	-0.101797319711857	0
324	2	184	460	0.0028495211791124	0	0	-0.962821302040618	0
325	3	367	1315	0.00053777057487108	0	3	-0.105867700986088	0
364	1	0	0	0.000421493990236718	0	0	-1.34511799549792	0
402	4	549	1134	3.2396044507826e-05	0	2	2.16024689946929	0
415	3	184	448	0.00200646983737694	0.333333333333333	1	-0.341279063282745	0
3	3	184	639	0.00512194563946374	0.333333333333333	7	0.242535625036333	0
12	10	1095.24500494178	3172	0.0812616623329637	0.0222222222222222	6	3.17377498920752	0.46
49	8	481.809254173759	1307	0.0629543975498153	0.357142857142857	9	2.14943884217359	0
77	11	1206.68678549973	4147	0.00798719443346644	0.345454545454545	1	2.80898921317337	0
85	10	1592.05062798581	6330	0.214889217083227	0.133333333333333	0	0.184068778331295	0.5
88	1	0	0	9.24802953307385e-06	0	2	-1.08012344973464	0
94	3	0	0	0.00235250132279911	1	1	-0.341279063282745	0
108	1	0	0	2.98108653717514e-139	0	20	0	0
111	2	724	1480	0.000194523132970763	0	1	-1.12884613239677	0.5
164	1	0	0	0.000671903000911646	0	3	-1.09396624352291	0
170	2	140.986479132547	474	0.0101593347797778	0	10	0	0
178	2	4.86666666666667	18	0.00223278291096883	0	3	-0.599916972254498	0
192	3	246.907928019693	750	0.00196112000290009	0	1	-1.12884613239677	0.444444444444444
193	9	2892.51789053883	9567	0.00755851683315599	0.222222222222222	1	1.23385507494531	0.37037037037037
204	2	184	362	8.37712268522693e-05	0	8	1	0
208	4	0	0	0.00331734651039839	1	1	0.0525044712742685	0
247	3	1110.42747807748	2258	0.00108465664895114	0	2	1.08012344973464	0
250	1	0	0	1.93947509651725e-06	0	5	-0.763479897838931	0
253	3	69.4797619047619	345	0.00926572106242995	0.333333333333333	3	-0.599916972254498	0.444444444444444
256	3	138.602600907864	474	0.00111523182318474	0.333333333333333	3	-0.105867700986088	0
259	3	184	373	5.38963098759929e-06	0.333333333333333	12	1.41421356237309	0
261	9	3375.85461614409	12737	0.00762284512686645	0.138888888888889	3	2.85842792662437	0
266	3	242.084992784993	539	0.00523132569200393	0	4	0	0.444444444444444
273	1	0	0	0.0283635874936367	0	0	-1.34511799549792	0
275	4	316.071428571429	1027	0.00141913697320401	0.166666666666667	3	0.388181570282322	0
278	3	343.540476190476	728	0.00106607283255941	0	4	0	0.444444444444444
294	3	98.73555684082	370	2.51428231685889e-05	0.333333333333333	5	0.559885258415216	0
304	4	711.833225838489	2805	0.000550952102919629	0	5	0.559885258415216	0.375
305	1	0	0	8.14954463374809e-05	0	5	-0.763479897838931	0
307	3	724	1460	0.000169248274694163	0.333333333333333	2	1.08012344973464	0
315	4	193.351190476191	629	0.113797654328216	0.166666666666667	0	-0.198227915126009	0
333	6	1183.17854854585	3305	0.00566917462237895	0.466666666666667	1	0.446288005831283	0.277777777777778
336	3	0	0	0.0301176028288044	1	9	-0.420542382164398	0
341	7	419.550018196084	2053	0.175017465588877	0.380952380952381	0	0.566365471788599	0.244897959183674
342	8	2113.52352957202	10159	0.104177063057382	0.214285714285714	9	1.12144635243839	0.40625
347	4	7.07142857142857	24	0.120806174842728	0.833333333333333	0	-0.198227915126009	0
365	1	0	0	2.98108653717514e-139	0	22	0	0
370	6	197.330772005772	751	0.00350018442321094	0.4	1	0.840071540388296	0
406	4	367	1799	1.31118722692553e-05	0.166666666666667	5	1.22156783654229	0
408	1	0	0	7.97220632876193e-07	0	12	-1.41421356237309	0
424	3	8.96904761904762	25	0.0926257445745514	0.666666666666667	0	-0.580524608583314	0